AIC2022
MessyLibrarians
45 45
419 139
vertical
33
C 10 5 1
C 10 39 1
C 7 13 1
C 7 31 1
C 7 17 1
C 7 27 1
C 23 19 1
C 23 25 1
C 26 14 1
C 26 30 1
C 17 24 1
C 17 20 1
C 17 31 1
C 17 13 1
C 27 37 1
C 27 7 1
C 33 38 1
C 33 6 1
C 37 29 1
C 37 15 1
C 37 21 1
C 37 23 1
C 28 19 1
C 28 25 1
C 20 40 1
C 20 4 1
C 9 22 1
C 3 25 1
C 3 19 1
C 2 7 1
C 2 37 1
C 42 3 1
C 42 41 1
45
1 17 E
1 27 E
2 11 E
2 33 E
6 22 E
22 23 E
22 21 E
14 29 E
14 15 E
33 26 E
33 18 E
40 38 E
40 6 E
30 35 E
30 9 E
33 42 E
33 2 E
22 0 E
22 44 E
4 14 M
4 30 M
10 17 M
10 27 M
21 28 M
21 16 M
31 22 M
37 35 M
37 9 M
40 25 M
40 19 M
32 13 M
32 31 M
39 1 M
39 43 M
2 2 M
2 42 M
27 41 M
27 3 M
24 10 M
24 34 M
15 22 M
42 32 M
42 12 M
5 7 M
5 37 M
1
14 37
14 7
